100	0	0.55	-0.6195792	0.498545	
100	50	0.55	-0.9811847	0.4065316	
100	100	0.55	-1.24813	0.3479356	
100	150	0.55	-1.445656	0.310303	
100	200	0.55	-1.592281	0.2858224	
100	250	0.55	-1.701591	0.2695938	
100	300	0.55	-1.783557	0.2585441	
100	350	0.55	-1.84549	0.2507454	
100	400	0.55	-1.892759	0.2449887	
100	450	0.55	-1.9293	0.2405155	
100	500	0.55	-1.958003	0.23685	
100	550	0.55	-1.980988	0.2336939	
100	600	0.55	-1.999812	0.23086	
100	650	0.55	-2.015618	0.2282309	
100	700	0.55	-2.029243	0.2257328	
100	750	0.55	-2.041303	0.2233197	
100	800	0.55	-2.052252	0.2209625	
100	850	0.55	-2.062421	0.218643	
100	900	0.55	-2.072055	0.2163498	
100	950	0.55	-2.081335	0.2140757	
100	1000	0.55	-2.090392	0.2118163	
100	1050	0.55	-2.099326	0.2095686	
100	1100	0.55	-2.108209	0.207331	
100	1150	0.55	-2.117095	0.2051022	
100	1200	0.55	-2.126024	0.2028816	
100	1250	0.55	-2.135026	0.2006686	
100	0	0.6	-0.5194699	0.5159775	
100	50	0.6	-0.9148838	0.4191827	
100	100	0.6	-1.204341	0.3579332	
100	150	0.6	-1.416804	0.318811	
100	200	0.6	-1.57333	0.2934648	
100	250	0.6	-1.689226	0.2766964	
100	300	0.6	-1.775619	0.2652706	
100	350	0.6	-1.840602	0.2571736	
100	400	0.6	-1.890055	0.2511519	
100	450	0.6	-1.928255	0.2464256	
100	500	0.6	-1.958311	0.2425089	
100	550	0.6	-1.982485	0.2390997	
100	600	0.6	-2.00242	0.2360097	
100	650	0.6	-2.019314	0.233122	
100	700	0.6	-2.034035	0.2303636	
100	750	0.6	-2.047217	0.2276891	
100	800	0.6	-2.059321	0.2250702	
100	850	0.6	-2.070683	0.2224894	
100	900	0.6	-2.081547	0.2199356	
100	950	0.6	-2.092092	0.2174021	
100	1000	0.6	-2.102448	0.2148846	
100	1050	0.6	-2.112711	0.2123804	
100	1100	0.6	-2.122952	0.2098877	
100	1150	0.6	-2.133222	0.2074057	
100	1200	0.6	-2.14356	0.2049336	
100	1250	0.6	-2.153993	0.2024709	
100	0	0.65	-0.4318589	0.5417491	
100	50	0.65	-0.8466998	0.4438833	
100	100	0.65	-1.151866	0.3790583	
100	150	0.65	-1.376962	0.3358617	
100	200	0.65	-1.543613	0.3068237	
100	250	0.65	-1.667609	0.2870554	
100	300	0.65	-1.760488	0.2733566	
100	350	0.65	-1.830674	0.2636328	
100	400	0.65	-1.884321	0.2565132	
100	450	0.65	-1.925925	0.2511004	
100	500	0.65	-1.95877	0.246807	
100	550	0.65	-1.985254	0.2432487	
100	600	0.65	-2.007129	0.2401739	
100	650	0.65	-2.025677	0.2374178	
100	700	0.65	-2.041834	0.2348726	
100	750	0.65	-2.056282	0.2324678	
100	800	0.65	-2.069524	0.2301572	
100	850	0.65	-2.081924	0.2279105	
100	900	0.65	-2.09375	0.2257079	
100	950	0.65	-2.1052	0.2235365	
100	1000	0.65	-2.116415	0.2213877	
100	1050	0.65	-2.127504	0.219256	
100	1100	0.65	-2.138543	0.2171378	
100	1150	0.65	-2.14959	0.2150306	
100	1200	0.65	-2.160687	0.2129329	
100	1250	0.65	-2.171867	0.2108436	
100	0	0.7	-0.3534596	0.5672639	
100	50	0.7	-0.7856054	0.4648185	
100	100	0.7	-1.104543	0.3966945	
100	150	0.7	-1.340589	0.3511444	
100	200	0.7	-1.515953	0.3204423	
100	250	0.7	-1.646903	0.2995075	
100	300	0.7	-1.745355	0.2849984	
100	350	0.7	-1.82004	0.2747175	
100	400	0.7	-1.877352	0.2672196	
100	450	0.7	-1.921976	0.2615543	
100	500	0.7	-1.957345	0.2570964	
100	550	0.7	-1.985973	0.253435	
100	600	0.7	-2.009704	0.2502996	
100	650	0.7	-2.029886	0.2475124	
100	700	0.7	-2.047511	0.2449565	
100	750	0.7	-2.063303	0.2425549	
100	800	0.7	-2.077794	0.2402571	
100	850	0.7	-2.091375	0.2380298	
100	900	0.7	-2.104332	0.2358511	
100	950	0.7	-2.116877	0.2337066	
100	1000	0.7	-2.129162	0.2315869	
100	1050	0.7	-2.141304	0.2294856	
100	1100	0.7	-2.153385	0.2273986	
100	1150	0.7	-2.165469	0.2253233	
100	1200	0.7	-2.177601	0.2232579	
100	1250	0.7	-2.189817	0.2212012	
100	0	0.75	-0.2423212	0.6006142	
100	50	0.75	-0.6984385	0.4938943	
100	100	0.75	-1.036977	0.4216434	
100	150	0.75	-1.288965	0.3725359	
100	200	0.75	-1.477254	0.3389681	
100	250	0.75	-1.618671	0.3158349	
100	300	0.75	-1.725611	0.2997089	
100	350	0.75	-1.807198	0.2882889	
100	400	0.75	-1.870156	0.2800302	
100	450	0.75	-1.919433	0.2738954	
100	500	0.75	-1.958677	0.2691882	
100	550	0.75	-1.990572	0.265441	
100	600	0.75	-2.017097	0.2623399	
100	650	0.75	-2.039709	0.2596743	
100	700	0.75	-2.059482	0.2573025	
100	750	0.75	-2.077207	0.2551296	
100	800	0.75	-2.093468	0.2530919	
100	850	0.75	-2.108695	0.2511464	
100	900	0.75	-2.123204	0.2492644	
100	950	0.75	-2.137231	0.2474266	
100	1000	0.75	-2.150949	0.2456201	
100	1050	0.75	-2.164485	0.2438361	
100	1100	0.75	-2.177935	0.2420687	
100	1150	0.75	-2.191369	0.2403141	
100	1200	0.75	-2.204841	0.2385696	
100	1250	0.75	-2.218389	0.2368334	
100	0	0.8	-0.1414526	0.6380605	
100	50	0.8	-0.6142652	0.5322903	
100	100	0.8	-0.968179	0.4590237	
100	150	0.8	-1.233874	0.4081036	
100	200	0.8	-1.434126	0.3725472	
100	250	0.8	-1.58584	0.3475543	
100	300	0.8	-1.701566	0.3298247	
100	350	0.8	-1.790621	0.3170898	
100	400	0.8	-1.859922	0.3077901	
100	450	0.8	-1.914602	0.3008534	
100	500	0.8	-1.958474	0.2955426	
100	550	0.8	-1.994368	0.2913509	
100	600	0.8	-2.024385	0.2879302	
100	650	0.8	-2.050086	0.2850408	
100	700	0.8	-2.07263	0.2825181	
100	750	0.8	-2.092879	0.280249	
100	800	0.8	-2.11147	0.2781556	
100	850	0.8	-2.128882	0.2761845	
100	900	0.8	-2.145466	0.2742989	
100	950	0.8	-2.161486	0.2724734	
100	1000	0.8	-2.177139	0.2706907	
100	1050	0.8	-2.19257	0.2689388	
100	1100	0.8	-2.207889	0.2672095	
100	1150	0.8	-2.223178	0.2654972	
100	1200	0.8	-2.238498	0.2637979	
100	1250	0.8	-2.253895	0.262109	
100	0	0.85	-0.04032292	0.7102357	
100	50	0.85	-0.5178596	0.6009589	
100	100	0.85	-0.8821068	0.5241569	
100	150	0.85	-1.160712	0.4700179	
100	200	0.85	-1.374587	0.4316949	
100	250	0.85	-1.539546	0.4044101	
100	300	0.85	-1.667553	0.3848295	
100	350	0.85	-1.767655	0.3706265	
100	400	0.85	-1.846695	0.3601776	
100	450	0.85	-1.909849	0.3523499	
100	500	0.85	-1.961034	0.3463528	
100	550	0.85	-2.003211	0.3416346	
100	600	0.85	-2.038621	0.3378104	
100	650	0.85	-2.068959	0.3346115	
100	700	0.85	-2.095508	0.3318505	
100	750	0.85	-2.119239	0.3293966	
100	800	0.85	-2.140886	0.3271584	
100	850	0.85	-2.161007	0.3250723	
100	900	0.85	-2.180022	0.3230937	
100	950	0.85	-2.198251	0.3211918	
100	1000	0.85	-2.215936	0.3193447	
100	1050	0.85	-2.233262	0.3175374	
100	1100	0.85	-2.250367	0.3157594	
100	1150	0.85	-2.267358	0.3140032	
100	1200	0.85	-2.284316	0.3122637	
100	1250	0.85	-2.301304	0.3105374	
100	0	0.9	0.1022618	0.7861597	
100	50	0.9	-0.3821631	0.7112864	
100	100	0.9	-0.7622015	0.6532424	
100	150	0.9	-1.061053	0.6081842	
100	200	0.9	-1.29677	0.5731462	
100	250	0.9	-1.4834	0.5458403	
100	300	0.9	-1.631872	0.5245009	
100	350	0.9	-1.750692	0.5077656	
100	400	0.9	-1.84648	0.4945833	
100	450	0.9	-1.924384	0.484143	
100	500	0.9	-1.988414	0.4758188	
100	550	0.9	-2.041688	0.469128	
100	600	0.9	-2.086634	0.4636978	
100	650	0.9	-2.125141	0.4592409	
100	700	0.9	-2.158679	0.4555353	
100	750	0.9	-2.188395	0.4524101	
100	800	0.9	-2.215177	0.449733	
100	850	0.9	-2.239722	0.4474022	
100	900	0.9	-2.262569	0.4453391	
100	950	0.9	-2.284139	0.443483	
100	1000	0.9	-2.30476	0.441787	
100	1050	0.9	-2.324689	0.4402152	
100	1100	0.9	-2.344124	0.4387395	
100	1150	0.9	-2.363223	0.4373385	
100	1200	0.9	-2.382106	0.4359957	
100	1250	0.9	-2.400869	0.4346981	
100	0	0.95	0.1988551	1.102175	
100	50	0.95	-0.2920788	1.072065	
100	100	0.95	-0.6909961	1.043601	
100	150	0.95	-1.015779	1.016734	
100	200	0.95	-1.280841	0.9914187	
100	250	0.95	-1.497802	0.9676126	
100	300	0.95	-1.676028	0.9452757	
100	350	0.95	-1.823066	0.9243704	
100	400	0.95	-1.945003	0.9048616	
100	450	0.95	-2.046745	0.8867165	
100	500	0.95	-2.132246	0.8699048	
100	550	0.95	-2.204694	0.8543983	
100	600	0.95	-2.266658	0.8401709	
100	650	0.95	-2.320211	0.827199	
100	700	0.95	-2.367022	0.8154609	
100	750	0.95	-2.40844	0.8049371	
100	800	0.95	-2.445549	0.7956101	
100	850	0.95	-2.479226	0.7874644	
100	900	0.95	-2.510178	0.7804867	
100	950	0.95	-2.538973	0.7746655	
100	1000	0.95	-2.566071	0.7699913	
100	1050	0.95	-2.591845	0.7664567	
100	1100	0.95	-2.616592	0.7640562	
100	1150	0.95	-2.640555	0.762786	
100	1200	0.95	-2.66393	0.7626445	
100	1250	0.95	-2.686874	0.763632	
